0 1.5712999999999716e-18 -3.100500000000068e-20 -2.850376317693109e-32 -6.800940116117427e-34
1 0.06071273897911834 0.0018457170185614854 0.0006087389791183395 -0.0005154829814385145
2 0.12303627610208794 0.004586248955916471 0.0012362761020879298 -0.0010481510440835291
3 0.18593841067285363 0.008115777726218106 0.0018484106728536287 -0.0015921222737818944
4 0.24784896751740143 0.01224122192575406 0.002408967517401439 -0.00213877807424594
5 0.307067076566125 0.016730412993039442 0.0028870765661249687 -0.0026775870069605592
6 0.36218965197215747 0.021364328306264512 0.0032496519721574857 -0.0031956716937354863
7 0.4123401508120642 0.025969085846867766 0.0035101508120641833 -0.003680914153132233
8 0.457182737819025 0.03042617517401392 0.003682737819025006 -0.004121824825986081
9 0.4968095359628773 0.034667997679814384 0.0037795359628772784 -0.004517002320185613
10 0.5315851044083525 0.03866687006960555 0.003835104408352441 -0.004866129930394453
11 0.5620123665893272 0.042422593967517415 0.003872366589327214 -0.005178406032482583
12 0.5886338167053362 0.04595188051044082 0.0038838167053362183 -0.00545611948955918
13 0.6119742923433865 0.04928014849187929 0.0039042923433865173 -0.005704851508120709
14 0.6325101508120643 0.05243595939675173 0.003920150812064316 -0.00592504060324827
15 0.6506592691415308 0.055447460556844526 0.003939269141530866 -0.006116539443155475
16 0.6667803480278423 0.05834028306264499 0.003970348027842241 -0.006280716937355005
17 0.6811780626450125 0.061136654292343405 0.004008062645012411 -0.006415345707656596
18 0.6941093387470997 0.06385489095127612 0.004059338747099628 -0.00652210904872387
19 0.7057901392111376 0.06650967169373549 0.00412013921113763 -0.006601328306264503
20 0.7164027146171689 0.06911229002320188 0.004202714617168812 -0.006656709976798125
21 0.7261008352668209 0.07167138863109042 0.004290835266820947 -0.0066936113689095855
22 0.735014559164733 0.0741932842227379 0.004384559164733015 -0.006719715777262103
23 0.7432551624129934 0.07668259164733181 0.004485162412993349 -0.006739408352668189
24 0.7509164385150818 0.0791424257540603 0.004586438515081781 -0.0067565742459397005
25 0.7580793851508121 0.08157476334106722 0.004689385150812075 -0.006773236658932771
26 0.7648115081206506 0.08398077030162424 0.0048015081206506105 -0.006789229698375768
27 0.7711713689095127 0.08636114153132242 0.004901368909512649 -0.006808858468677584
28 0.7772086774941991 0.08871640719257551 0.004998677494199133 -0.006832592807424487
29 0.7829650116009269 0.09104704524361952 0.0050750116009269375 -0.006859954756380474
30 0.7884767633410676 0.093353788863109 0.005126763341067653 -0.006886211136891002
31 0.7937741415313226 0.09563687354988401 0.005164141531322608 -0.006913126450115992
32 0.7988823085846865 0.09789786658932713 0.00518230858468649 -0.006942133410672874
33 0.8038235382830626 0.10013753016241304 0.0052035382830626364 -0.006982469837586963
34 0.8086163457076575 0.1023578306264502 0.005216345707657499 -0.007032169373549807
35 0.8132764849187942 0.10456021809744787 0.005236484918794249 -0.007089781902552134
36 0.8178178306264499 0.10674647795823658 0.005267830626449865 -0.007173522041763414
37 0.8222517401392113 0.10891802320185602 0.005301740139211364 -0.007261976798143985
38 0.8265875522041773 0.11107649419953594 0.005337552204177309 -0.0073535058004640524
39 0.8308332366589334 0.11322325986078904 0.005373236658933411 -0.007446740139210956
40 0.8349951160092813 0.11535989559164735 0.005395116009281331 -0.007520104408352657
41 0.8390786658932724 0.1174883062645011 0.00540866589327238 -0.0075916937354988945
42 0.8430883178654309 0.11960944315545242 0.0054183178654308994 -0.00766055684454757
43 0.8470278770301628 0.12172505800464037 0.005437877030162852 -0.007744941995359633
44 0.8509008816705349 0.12383620649651952 0.005450881670534868 -0.007833793503480485
45 0.8547098027842228 0.12594375870069607 0.005479802784222776 -0.007946241299303936
46 0.858457668213457 0.12804912993039447 0.005517668213457005 -0.008070870069605524
47 0.862145962877031 0.13015392111368934 0.005545962877031019 -0.008226078886310662
48 0.865776009280742 0.13225885150812072 0.005596009280742109 -0.008381148491879264
49 0.8693496287703012 0.13436588167053343 0.005639628770301219 -0.008534118329466572
50 0.8728672389791191 0.13647587006960551 0.005687238979119158 -0.008664129930394476
51 0.8763297679814386 0.1385906844547564 0.005719767981438584 -0.0087693155452436
52 0.8797375174013923 0.14071139211136896 0.0057475174013922325 -0.008848607888631038
53 0.8830909860788863 0.1428386310904873 0.005750986078886244 -0.00891136890951269
54 0.8863905684454755 0.14497460556844555 0.005740568445475436 -0.008945394431554454
55 0.8896364849187933 0.14711907192575407 0.005736484918793305 -0.008970928074245932
56 0.8928284802784225 0.14927342227378188 0.005728480278422543 -0.008976577726218127
57 0.8959669025522037 0.15143817865429232 0.00572690255220365 -0.008971821345707676
58 0.8990517285382825 0.15361399071925752 0.005711728538282501 -0.008966009280742482
59 0.9020833410672836 0.15580141531322514 0.0057033410672836515 -0.008968584686774861
60 0.9050618909512751 0.15800080046403708 0.0056918909512750915 -0.008959199535962914
61 0.907987215777264 0.16021269141531322 0.0056772157772641 -0.008957308584686768
62 0.9108596287703005 0.16243715777262177 0.005659628770300462 -0.008952842227378216
63 0.9136795823665891 0.16467426914153108 0.005639582366589124 -0.008965730858468912
64 0.9164468097447797 0.16692411832946635 0.005616809744779627 -0.008965881670533637
65 0.9191609860788876 0.16918690255220414 0.005600986078887593 -0.00896309744779586
66 0.9218220417633413 0.17146129930394416 0.005602041763341226 -0.008958700696055838
67 0.9244303480278427 0.17374812064965173 0.005590348027842751 -0.008951879350348274
68 0.9269857772621808 0.17604709976798155 0.005565777262180771 -0.008942900232018436
69 0.9294880626450113 0.17835759860788863 0.005528062645011267 -0.00894240139211136
70 0.9319370881670556 0.18067979118329433 0.005487088167055565 -0.00894020881670568
71 0.9343320765661253 0.18301247099767975 0.00545207656612523 -0.008957529002320247
72 0.9366735730858466 0.18535559164733187 0.0054235730858466225 -0.008994408352668126
73 0.9389613457076562 0.18770813225057995 0.005431345707656243 -0.009051867749420045
74 0.9411952088167052 0.19006904872389793 0.005455208816705137 -0.009120951276102074
75 0.9433758120649642 0.1924381670533642 0.0054958120649641895 -0.009191832946635808
76 0.945502737819026 0.19481545243619502 0.0055627378190260535 -0.009274547563804969
77 0.9475759164733172 0.19720005800464047 0.005645916473317136 -0.009359941995359528
78 0.9495948027842229 0.19959122969837553 0.005764802784222978 -0.00944877030162447
79 0.9515593967517407 0.20198781902552226 0.005909396751740736 -0.00953218097447775
80 0.9534695011600927 0.2043878886310906 0.006059501160092684 -0.009602111368909427
81 0.9553251624129937 0.2067910788863111 0.006205162412993737 -0.009658921113688906
82 0.9571267865429224 0.20919639211136873 0.006356786542922377 -0.009703607888631283
83 0.9588753712296987 0.21160372389791193 0.006505371229698631 -0.009746276102088058
84 0.9605706612529019 0.21401267981438543 0.006650661252901924 -0.009777320185614558
85 0.9622128190255226 0.21642319025522058 0.0067828190255225795 -0.009816809744779414
86 0.9638016705336413 0.21883483758700706 0.006881670533641304 -0.009845162412992936
87 0.9653375290023206 0.22124674013921103 0.0069475290023206515 -0.009863259860788981
88 0.9668198259860802 0.22365788863109037 0.006999825986080177 -0.009882111368909624
89 0.9682487238979127 0.22606683294663565 0.007018723897912693 -0.009893167053364349
90 0.9696237703016247 0.2284733642691417 0.0070337703016247755 -0.009886635730858295
91 0.9709457656612538 0.23087612529002313 0.007045765661253811 -0.009863874709976878
92 0.9722148375870061 0.23327440835266805 0.007044837587006136 -0.009835591647331943
93 0.9734324245939676 0.23566734338747103 0.007042424593967644 -0.009792656612528983
94 0.9745980394431569 0.23805401392111367 0.0070380394431569515 -0.009745986078886326
95 0.9757111136890954 0.24043356148491887 0.007041113689095324 -0.009676438515081126
96 0.9767715429234338 0.2428044663573086 0.007031542923433776 -0.009615533642691382
97 0.9777788863109032 0.24516541763341104 0.0070088863109031285 -0.00956458236658897
98 0.9787337238979112 0.24751545243619505 0.006973723897911288 -0.009534547563804951
99 0.9796365661252893 0.24985360788863126 0.006936566125289256 -0.009526392111368742
100 0.9804890023201843 0.25217959396751727 0.006869002320184281 -0.00954040603248274
101 0.9812912645011601 0.2544920997679813 0.0068012645011601425 -0.00955790023201869
102 0.9820440487238989 0.2567905916473317 0.006724048723898979 -0.009569408352668285
103 0.9827476450116008 0.2590736890951275 0.006647645011600867 -0.009576310904872487
104 0.9834023549883989 0.26134081206496523 0.006582354988398875 -0.00956918793503475
105 0.9840091879350348 0.263590208816705 0.006519187935034809 -0.00955979118329503
106 0.9845690951276098 0.2658217401392111 0.006449095127609827 -0.009538259860788878
107 0.9850825522041757 0.2680351740139211 0.006372552204175763 -0.0095248259860789
108 0.9855500000000013 0.27022918793503464 0.006290000000001239 -0.009520812064965356
109 0.9859736774941987 0.2724024709976796 0.006193677494198746 -0.00951752900232039
110 0.986353584686775 0.2745541995359632 0.006093584686775011 -0.009515800464036772
111 0.9866883874709966 0.27668334106728576 0.0059883874709966145 -0.00951665893271425
112 0.9869830626450121 0.27878986078886314 0.005903062645012169 -0.009510139211136859
113 0.987234686774942 0.28087267981438524 0.005824686774941967 -0.009487320185614767
114 0.9874452668213455 0.2829315081206498 0.005755266821345528 -0.009458491879350162
115 0.9876159860788861 0.2849663921113686 0.005695986078886106 -0.009403607888631427
116 0.9877462645011614 0.286977494199536 0.005646264501161458 -0.009352505800463984
117 0.9878386426914149 0.2889644779582367 0.005608642691414811 -0.009285522041763306
118 0.9878927842227372 0.2909276102088164 0.005562784222737149 -0.00922238979118356
119 0.9879086310904869 0.29286551044083536 0.005498631090486872 -0.009164489559164657
120 0.9878879930394426 0.2947777610208815 0.00543799303944259 -0.009122238979118513
121 0.9878321925754047 0.29666327146171656 0.005382192575404621 -0.009076728538283452
122 0.987740313225057 0.298520638051044 0.005340313225056903 -0.009049361948956003
123 0.9876144431554529 0.3003487935034803 0.00531444315545293 -0.009021206496519663
124 0.9874543619489559 0.30214795823665885 0.005294361948955828 -0.009002041763341129
125 0.9872631902552211 0.30391736658932705 0.005283190255221171 -0.008982633410672958
126 0.98703788863109 0.30565691415313206 0.005267888631089956 -0.008943085846867926
127 0.9867820881670523 0.30736542923433874 0.0052420881670522945 -0.008914570765661267
128 0.9864938051044075 0.309042366589327 0.005183805104407524 -0.008887633410673001
129 0.9861743967517389 0.31068675174013927 0.005114396751738859 -0.008873248259860744
130 0.9858273665893273 0.31229828306264495 0.005037366589327297 -0.008851716937355036
131 0.9854511368909507 0.31387672853828286 0.004941136890950659 -0.00882327146171713
132 0.9850508236658941 0.3154214849187937 0.004830823665894157 -0.008808515081206336
133 0.9846247331786548 0.3169323433874708 0.00472473317865485 -0.008787656612529227
134 0.9841761136890946 0.31841037122969845 0.004626113689094602 -0.008789628770301539
135 0.9837040023201868 0.3198551392111373 0.004524002320186793 -0.008784860788862703
136 0.9832097679814386 0.3212672273781901 0.004439767981438525 -0.008772772621809921
137 0.9826921345707651 0.3226462877030164 0.004352134570765109 -0.008763712296983583
138 0.9821527262180971 0.32399257540603266 0.00428272621809711 -0.008767424593967343
139 0.9815904176334106 0.3253065661252898 0.004210417633410568 -0.0087834338747102
140 0.9810073317865433 0.3265871113689089 0.004137331786543297 -0.008812888631091087
141 0.9804043851508136 0.3278341995359631 0.004064385150813643 -0.00884580046403688
142 0.9797818909512771 0.3290473201856145 0.004001890951277121 -0.008872679814385498
143 0.9791417865429219 0.3302267285382836 0.003941786542921988 -0.008883271461716413
144 0.978485440835266 0.33137299303944373 0.0038854408352659853 -0.008887006960556276
145 0.9778141763341057 0.3324864269141532 0.0038241763341057 -0.008883573085846808
146 0.9771301856148495 0.33356776102088187 0.0037701856148495416 -0.008872238979118152
147 0.9764330974477968 0.33461662412993043 0.0037030974477968437 -0.008853375870069569
148 0.9757244663573097 0.3356336890951274 0.0036544663573097047 -0.00884631090487259
149 0.9750045359628775 0.33661809744779525 0.0036045359628774643 -0.008851902552204749
150 0.9742746403712308 0.3375695823665899 0.0035646403712308317 -0.008870417633410121
151 0.9735347795823674 0.3384887470997679 0.0035347795823674755 -0.008881252900232117
152 0.9727866125290024 0.3393751508120651 0.003496612529002463 -0.008894849187934928
153 0.9720298027842227 0.340230139211137 0.003439802784222734 -0.008909860788863022
154 0.9712651044083522 0.3410542227378188 0.003375104408352203 -0.00892577726218119
155 0.970493433874711 0.34184908352668236 0.0033034338747109926 -0.008950916473317638
156 0.9697164849187923 0.34261567285382816 0.0032164849187922284 -0.008974327146171857
157 0.9689346635730867 0.34335403712296947 0.003134663573086671 -0.008985962877030518
158 0.9681495823665894 0.3440653132250582 0.0030395823665894106 -0.008994686774941807
159 0.9673627726218095 0.344750498839907 0.0029427726218094197 -0.008999501160093015
160 0.9665747911832959 0.3454090603248263 0.0028547911832959016 -0.00900093967517368
161 0.9657867749419958 0.34604241299303984 0.0027567749419957766 -0.009017587006960148
162 0.9649993735498836 0.3466503480278422 0.0026693735498836135 -0.00902965197215777
163 0.9642135150812075 0.3472334222737816 0.0025735150812074004 -0.009046577726218363
164 0.9634292575406022 0.3477923665893271 0.002489257540602141 -0.009067633410672904
165 0.9626468909512755 0.3483266357308585 0.002406890951275553 -0.009083364269141525
166 0.9618677146171714 0.348836786542923 0.002347714617171315 -0.009093213457077032
167 0.961092540603249 0.34932272621809735 0.0022825406032489504 -0.009117273781902635
168 0.9603220649651965 0.34978437354988445 0.002242064965196411 -0.009135626450115564
169 0.9595577262180958 0.3502219141531323 0.002207726218095729 -0.00915808584686767
170 0.9588008004640369 0.35063573085846894 0.0021708004640369483 -0.009184269141531032
171 0.9580518329466349 0.3510253132250581 0.0021518329466349018 -0.009214686774941916
172 0.9573127726218092 0.351391577726218 0.0021227726218092657 -0.009248422273782031
173 0.9565846635730849 0.3517346635730861 0.002094663573084965 -0.009295336426913936
174 0.9558677262180972 0.35205517401392106 0.0020877262180972744 -0.009334825986078932
175 0.9551630162412987 0.35235388631090475 0.0020830162412986963 -0.009376113689095245
176 0.9544707540603256 0.3526319489559163 0.0020907540603255503 -0.009418051044083664
177 0.953791171693737 0.35288953596287664 0.0021111716937369795 -0.009450464037123352
178 0.9531244431554511 0.3531278422273778 0.0021344431554510823 -0.00948215777262218
179 0.9524708120649654 0.3533485034802775 0.002160812064965434 -0.009501496519722485
180 0.9518303828306259 0.35355145011600864 0.002190382830625892 -0.009518549883991367
181 0.9512039675174025 0.3537380510440833 0.0022139675174025486 -0.009541948955916701
182 0.9505908584686766 0.35390793503480333 0.0022308584686766553 -0.009572064965196692
183 0.9499915313225061 0.35406192575406037 0.002251531322506106 -0.009598074245939614
184 0.9494056148491886 0.35420015081206435 0.002285614849188655 -0.009619849187935625
185 0.9488343155452426 0.3543230626450116 0.0023243155452425945 -0.009646937354988394
186 0.9482772969837584 0.35443085846867767 0.0023672969837583713 -0.009669141531322312
187 0.9477357192575401 0.35452383990719194 0.002425719257540093 -0.009706160092808058
188 0.9472095475638043 0.3546022389791186 0.0024795475638043074 -0.00973776102088142
189 0.946698665893271 0.3546665197215771 0.0025286658932710537 -0.009793480278422917
190 0.9462033410672852 0.3547167865429234 0.002583341067285194 -0.009843213457076616
191 0.9457235614849198 0.35475448955916467 0.0026335614849197775 -0.009895510440835309
192 0.9452592111368907 0.3547802668213457 0.00268921113689069 -0.009959733178654284
193 0.944810545243619 0.35479477958236644 0.002740545243618997 -0.010015220417633586
194 0.9443765081206494 0.354799535962877 0.0028065081206494202 -0.010080464037122983
195 0.9439572969837599 0.3547944895591644 0.002877296983759825 -0.010145510440835559
196 0.9435523549883988 0.354780440835267 0.002932354988398833 -0.010209559164732984
197 0.9431611368909505 0.3547580162412992 0.0030011368909504954 -0.010261983758700799
198 0.9427842459396744 0.3547277146171695 0.0030642459396743593 -0.010312285382830466
199 0.942421345707657 0.35469067285382844 0.0031313457076570517 -0.010349327146171539
200 0.9420727262180981 0.3546475406032482 0.0031927262180980742 -0.010362459396751789
201 0.9417388515081212 0.3545982366589322 0.0032688515081211733 -0.010381763341067829
202 0.9414189095127614 0.35454409512761 0.0033489095127614554 -0.010385904872389995
203 0.94111307424594 0.3544849883990711 0.003433074245940082 -0.010375011600928907
204 0.9408214269141535 0.35442155452436175 0.003511426914153515 -0.010358445475638245
205 0.940542969837588 0.3543541299303941 0.003592969837588056 -0.010335870069605901
206 0.9402772969837591 0.35428266821345716 0.0036772969837590708 -0.010297331786542852
207 0.9400240255220412 0.3542080278422274 0.0037640255220412477 -0.010251972157772626
208 0.9397829698375852 0.35413011600928085 0.0038529698375852073 -0.010189883990719129
209 0.9395536078886304 0.3540496055684453 0.003943607888630352 -0.010130394431554723
210 0.9393356612529007 0.35396671693735476 0.004045661252900734 -0.01007328306264521
211 0.9391286658932697 0.353881682134571 0.004138665893269722 -0.010008317865428995
212 0.9389322041763329 0.35379561484918776 0.004232204176332965 -0.009954385150812262
213 0.9387467401392106 0.353708167053364 0.004336740139210593 -0.009901832946635991
214 0.9385714385150818 0.353620162412993 0.004431438515081876 -0.009859837587007036
215 0.9384061716937351 0.35353165893271427 0.004546171693735057 -0.00980834106728573
216 0.9382509280742456 0.35344267981438493 0.004650928074245608 -0.009747320185615083
217 0.9381057308584693 0.35335351508120644 0.004745730858469299 -0.009696484918793546
218 0.9379698259860777 0.3532644083526682 0.004849825986077749 -0.009625591647331788
219 0.9378430162412993 0.3531750464037122 0.004953016241299291 -0.009564953596287784
220 0.9377250928074256 0.35308581206496537 0.005055092807425554 -0.009504187935034658
221 0.9376155684454756 0.3529974825986085 0.0051555684454756 -0.00944251740139146
222 0.9375137470997679 0.3529094547563807 0.0052537470997678914 -0.00938054524361931
223 0.9374189211136897 0.35282298143851537 0.005338921113689721 -0.009317018561484647
224 0.9373310556844537 0.3527381786542927 0.005421055684453724 -0.00925182134570729
225 0.9372485846867747 0.3526547215777259 0.005498584686774777 -0.009175278422274058
226 0.9371722041763345 0.3525732946635728 0.005562204176334462 -0.009096705336427202
227 0.9371013805104416 0.3524937587006959 0.005621380510441587 -0.009016241299304117
228 0.9370360324825991 0.35241602088166996 0.005666032482599115 -0.008923979118330039
229 0.9369756032482596 0.35234040603248207 0.005715603248259593 -0.008819593967517914
230 0.936919930394431 0.3522668445475638 0.0057499303944309466 -0.008703155452436218
231 0.9368688863109054 0.3521949187935035 0.005778886310905396 -0.008585081206496481
232 0.9368217633410676 0.3521248491879344 0.005801763341067634 -0.008465150812065614
233 0.936779060324826 0.3520564849187935 0.0058290603248259965 -0.0083335150812065
234 0.9367409396751746 0.35199040603248205 0.005850939675174582 -0.00819959396751796
235 0.9367071925754067 0.3519262296983759 0.005877192575406642 -0.008063770301624085
236 0.9366777378190263 0.3518642575406034 0.00589773781902625 -0.00792574245939659
237 0.9366522157772607 0.3518045591647331 0.005922215777260709 -0.0077854408352669435
238 0.9366304756380518 0.35174727378190285 0.005940475638051779 -0.00763272621809713
239 0.9366121345707658 0.35169204176334107 0.005962134570765776 -0.0074779582366589215
240 0.9365969837587017 0.35163897911832964 0.005976983758701704 -0.007321020881670359
241 0.9365843503480273 0.3515885614849186 0.005984350348027356 -0.007161438515081386
242 0.9365737819025532 0.35153980278422253 0.005993781902553286 -0.007000197215777493
243 0.9365655104408346 0.3514928306264499 0.005995510440834573 -0.006837169373550056
244 0.9365584570765678 0.3514477494199539 0.005998457076567765 -0.006682250580046123
245 0.9365532250580049 0.3514044547563804 0.00600322505800488 -0.006525545243619646
246 0.9365490951276114 0.3513623085846862 0.005989095127611366 -0.006367691415313792
247 0.9365464501160097 0.35132190255220425 0.005986450116009623 -0.0062180974477957784
248 0.9365448839907192 0.35128298143851466 0.005964883990719261 -0.006067018561485338
249 0.9365440255220426 0.3512448607888625 0.005944025522042651 -0.0059151392111374546
250 0.9365442227378192 0.3512079118329463 0.005914222737819275 -0.005762088167053703
251 0.9365447679814398 0.35117189095127593 0.005884767981439776 -0.005618109048724063
252 0.9365458352668208 0.3511371461716936 0.005835835266820744 -0.005462853828306358
253 0.9365474593967522 0.3511027842227378 0.0057874593967521815 -0.005307215777262231
254 0.9365488747099763 0.3510699883990719 0.005728874709976295 -0.005160011600928105
255 0.9365502204176338 0.3510383642691425 0.0056702204176337645 -0.005001635730857545
256 0.9365514153132252 0.3510081206496525 0.005601415313225111 -0.004841879350347522
257 0.9365522737819025 0.350979361948956 0.005522273781902509 -0.004670638051044007
258 0.9365527958236667 0.35095151972157795 0.005442795823666691 -0.004508480278422045
259 0.9365528306264504 0.3509250696055689 0.005372830626450442 -0.0043349303944311135
260 0.9365526682134567 0.35089950116009294 0.005292668213456753 -0.004180498839907065
261 0.9365524477958244 0.3508753944315548 0.00522244779582437 -0.004014605568445184
262 0.9365515777262182 0.3508523085846869 0.005151577726218215 -0.003867691415313068
263 0.9365508352668203 0.35083001160092836 0.005070835266820284 -0.0037199883990716165
264 0.9365498491879358 0.35080919953596323 0.004999849187935834 -0.0035808004640367486
265 0.9365487470997674 0.3507891067285383 0.004928747099767428 -0.003450893271461697
266 0.9365475754060315 0.3507702552204179 0.004857575406031489 -0.0033197447795821344
267 0.9365455684454762 0.3507523317865424 0.004785568445476174 -0.003187668213457562
268 0.9365433758700703 0.3507353016241297 0.004723375870070323 -0.0030746983758703217
269 0.9365406728538274 0.35071907192575397 0.0046506728538273645 -0.0029609280742460276
270 0.9365380046403711 0.35070346867749397 0.004578004640371058 -0.0028465313225060074
271 0.9365347215777264 0.3506888399071922 0.004504721577726412 -0.0027411600928078372
272 0.9365311832946644 0.350674211136891 0.004431183294664409 -0.002635788863109001
273 0.9365278074245933 0.3506602668213456 0.004357807424593241 -0.002539733178654413
274 0.9365242575406023 0.3506467749419953 0.004284257540602354 -0.0024432250580047055
275 0.9365211020881664 0.35063308584686764 0.004211102088166441 -0.0023369141531323634
276 0.9365179930394428 0.3506199999999996 0.004137993039442844 -0.0022500000000004183
277 0.9365147911832951 0.35060692575406 0.004064791183295058 -0.002153074245940023
278 0.9365118561484914 0.35059395591647274 0.003991856148491402 -0.0020560440835272753
279 0.9365088283062644 0.3505811832946633 0.003928828306264398 -0.0019688167053366623
280 0.9365061368909522 0.35056851508120607 0.003856136890952211 -0.0018814849187939187
281 0.9365034106728537 0.3505559860788861 0.0037934106728536587 -0.0017940139211138906
282 0.9365007772621815 0.3505435614849188 0.0037207772621814517 -0.0017064385150812322
283 0.936498236658934 0.35053151972157826 0.0036582366589339443 -0.0016284802784217178
284 0.9364956264501159 0.35051961716937396 0.0035956264501159074 -0.0015503828306260292
285 0.9364935846867746 0.3505082250580046 0.0035235846867746057 -0.0014817749419954174
286 0.9364913689095136 0.3504967401392112 0.0034613689095135403 -0.0014132598607887736
287 0.9364896055684451 0.3504854756380518 0.0033996055684450965 -0.0013445243619481517
288 0.9364879582366586 0.35047494199535956 0.0033379582366586114 -0.0012850580046404603
289 0.9364863805104414 0.35046453596287735 0.0032763805104414345 -0.0012254640371226477
290 0.9364850580046408 0.3504542111368909 0.003215058004640725 -0.0011757888631090951
291 0.9364838747099763 0.35044410672853893 0.003153874709976301 -0.0011358932714610748
292 0.9364827610208812 0.35043438515081216 0.003092761020881185 -0.0010956148491878537
293 0.9364816589327145 0.3504251276102089 0.003041658932714464 -0.0010648723897911383
294 0.9364808236658926 0.3504154756380511 0.0029808236658925846 -0.0010345243619488964
295 0.9364799767981439 0.35040607888631126 0.002929976798143885 -0.0010039211136887438
296 0.9364790139211127 0.3503969141531321 0.0028690139211126064 -0.0009830858468679038
297 0.9364782018561476 0.3503879466357307 0.002818201856147562 -0.0009720533642693097
298 0.9364771693735496 0.3503790719257548 0.002767169373549594 -0.0009509280742451831
299 0.9364766125290018 0.35037068445475633 0.002716612529001794 -0.0009393155452436797
300 0.9364757308584688 0.3503619141531322 0.0026657308584687733 -0.0009280858468677655
301 0.936475081206496 0.35035356148491914 0.0026250812064960716 -0.0009164385150808863
302 0.9364747215777259 0.3503452668213458 0.00257472157772598 -0.0009047331786541934
303 0.936474292343387 0.3503375058004639 0.002534292343386979 -0.0009024941995360858
304 0.936474199535963 0.35032973317865423 0.002494199535962971 -0.0009002668213457521
305 0.9364742691415311 0.35032207656612546 0.002454269141531129 -0.0008879234338745601
306 0.9364745591647322 0.3503144663573085 0.002424559164732165 -0.000885533642691505
307 0.9364750812064959 0.3503073665893269 0.0023850812064959426 -0.0008826334106731282
308 0.9364759280742452 0.35030026682134574 0.002355928074245228 -0.0008897331786542617
309 0.9364768097447796 0.35029324825986097 0.002326809744779612 -0.0008867517401390246
310 0.9364783062645019 0.35028664733178655 0.002288306264501938 -0.0008833526682134329
311 0.9364799419953599 0.3502799419953596 0.0022599419953598376 -0.0008900580046403705
312 0.93648204176334 0.35027380510440853 0.0022320417633400202 -0.0008861948955914967
313 0.9364839907192573 0.35026741299303976 0.002203990719257254 -0.0008925870069602659
314 0.9364864501160094 0.350261229698376 0.0021764501160094207 -0.0008987703016240522
315 0.9364892459396751 0.3502554640371227 0.0021492459396751373 -0.0009045359628773175
316 0.9364922853828302 0.3502498955916476 0.0021222853828302135 -0.0009001044083524201
317 0.9364955336426913 0.3502445591647337 0.002105533642691282 -0.0009054408352663357
318 0.9364989443155444 0.35023937354988405 0.00207894431554434 -0.00091062645011597
319 0.9365026218097439 0.3502344895591649 0.0020626218097438143 -0.0009155104408350989
320 0.9365067633410675 0.35022958236658985 0.0020367633410675046 -0.0009104176334101544
321 0.936510893271461 0.35022529002320246 0.002020893271460933 -0.0009147099767975453
322 0.9365152204176336 0.350221183294664 0.0019952204176335586 -0.0009188167053360008
323 0.9365196983758702 0.3502175522041764 0.001979698375870198 -0.0009124477958236121
324 0.9365244431554524 0.3502140023201857 0.001964443155452411 -0.0009159976798143177
325 0.9365290951276106 0.35021071925754127 0.001949095127610656 -0.0009192807424587279
326 0.9365338863109048 0.3502077378190258 0.0019338863109048532 -0.0009122621809741771
327 0.9365386774941987 0.3502051392111369 0.0019186774941987172 -0.0009148607888631033
328 0.9365437238979125 0.3502028770301621 0.0019037238979124904 -0.0009071229698378591
329 0.9365486078886303 0.3502006148491877 0.0018886078886302116 -0.0009093851508122919
330 0.9365535614849191 0.3501989211136896 0.0018735614849191284 -0.0009010788863104136
331 0.936558213457076 0.3501972621809751 0.0018582134570760411 -0.0009027378190249458
332 0.9365629930394436 0.35019590487238994 0.0018429930394435745 -0.0008940951276100728
333 0.9365676450116004 0.3501948143851509 0.0018276450116003762 -0.0008951856148491366
334 0.9365721229698368 0.35019389791183264 0.0018121229698367936 -0.000886102088167362
335 0.9365765313225055 0.35019309744779575 0.0017965313225054569 -0.0008769025522042395
336 0.9365808700696048 0.3501922389791192 0.0017808700696048119 -0.000877761020880774
337 0.9365848955916477 0.35019214617169425 0.0017648955916477194 -0.0008678538283057313
338 0.9365886890951275 0.3501918097447795 0.0017586890951274414 -0.0008581902552204923
339 0.9365925986078882 0.35019157772621795 0.0017425986078882794 -0.0008484222737820679
340 0.9365961600928074 0.35019196055684404 0.0017261600928074605 -0.000838039443155969
341 0.9365996635730849 0.3501917981438513 0.0017196635730848397 -0.0008282018561486804
342 0.9366027494199535 0.3501920069605576 0.0017027494199535198 -0.0008279930394424206
343 0.9366059048723893 0.3501923897911835 0.0016959048723892423 -0.0008176102088164883
344 0.9366086426914159 0.35019276102088165 0.0016786426914158215 -0.0008072389791183299
345 0.9366113457076559 0.35019309744779553 0.0016713457076559246 -0.0007969025522044926
346 0.9366139559164728 0.3501933758700692 0.0016539559164727713 -0.0007866241299308019
347 0.9366163341067286 0.3501938283062645 0.001646334106728653 -0.0007761716937355057
348 0.9366188167053363 0.35019411832946684 0.0016288167053363223 -0.0007658816705331528
349 0.936620893271461 0.35019440835266846 0.001620893271460977 -0.0007655916473315316
350 0.9366229002320193 0.3501947563805104 0.0016029002320193664 -0.0007552436194895873
351 0.936624895591647 0.3501952204176331 0.0015948955916469387 -0.0007447795823668502
352 0.9366268793503473 0.3501956496519719 0.0015768793503472267 -0.0007343503480281011
353 0.9366284222737814 0.35019603248259884 0.0015684222737814002 -0.0007239675174011695
354 0.9366300580046394 0.3501964269141536 0.0015500580046393653 -0.0007135730858464084
355 0.9366314501160096 0.35019684454756356 0.0015414501160095906 -0.0007031554524364325
356 0.9366330742459392 0.3501973317865426 0.0015230742459392266 -0.0006926682134573703
357 0.9366343735498831 0.35019770301624087 0.0015143735498831523 -0.0006822969837591564
358 0.936635348027842 0.3501980742459398 0.001495348027842014 -0.0006719257540602208
359 0.9366368213457067 0.3501982366589333 0.001486821345706657 -0.0006617633410667123
360 0.9366380858468679 0.3501989095127609 0.0014680858468679725 -0.0006510904872391032
361 0.9366391647331787 0.350199234338747 0.0014491647331786872 -0.0006407656612529844
362 0.9366401276102092 0.3501994779582361 0.0014401276102091742 -0.0006305220417638924
363 0.936640986078886 0.35019952436194907 0.0014209860788859663 -0.0006204756380509546
364 0.9366424477958241 0.3502000116009284 0.0014024477958241022 -0.0006099883990716148
365 0.9366432134570757 0.35020029002320174 0.0013932134570756594 -0.0005997099767982572
366 0.936644385150811 0.3502004524361946 0.0013743851508110083 -0.0005895475638054148
367 0.9366449883990714 0.3502006612529001 0.001354988399071444 -0.0005793387470998668
368 0.9366461716937345 0.35020102088167127 0.001336171693734567 -0.0005689791183287607
369 0.9366470649651975 0.35020138051044114 0.001327064965197411 -0.0005586194895588759
370 0.936648225058004 0.3502012412993037 0.0013082250580040977 -0.0005487587006963168
371 0.9366487238979117 0.35020141531322463 0.001288723897911681 -0.0005385846867753674
372 0.9366495475638043 0.35020183294663587 0.001269547563804263 -0.0005281670533641147
373 0.936650556844548 0.3502021693735501 0.0012505568445480009 -0.0005278306264498989
374 0.9366509396751735 0.35020227378190266 0.0012409396751735802 -0.0005177262180973141
375 0.9366518677494196 0.350202703016241 0.0012218677494195695 -0.0005072969837590091
376 0.9366525406032473 0.3502029002320187 0.0012025406032473152 -0.0004970997679812905
377 0.9366532482598612 0.35020317865429285 0.0011832482598611582 -0.00048682134570715574
378 0.93665379350348 0.35020338747099755 0.0011637935034799485 -0.00047661252900244033
379 0.9366544663573074 0.35020357308584626 0.001144466357307472 -0.00046642691415371695
380 0.9366549187935029 0.35020408352668186 0.0011249187935029603 -0.0004659164733181176
381 0.9366554640371233 0.3502043735498846 0.0011054640371233049 -0.0004556264501154317
382 0.9366559048723891 0.3502047447795823 0.0010859048723891318 -0.00044525522041771737
383 0.9366564965197206 0.3502050928074238 0.0010664965197205722 -0.00043490719257621713
384 0.9366568793503466 0.3502053132250576 0.0010468793503465301 -0.0004246867749423955
385 0.9366574245939664 0.3502057540603255 0.0010274245939664306 -0.00042424593967449464
386 0.936657795823665 0.35020625290023205 0.000997795823664993 -0.000413747099767936
387 0.9366581902552201 0.3502065893271454 0.0009781902552201682 -0.0004034106728545983
388 0.9366586658932704 0.35020693735498776 0.0009586658932704273 -0.0003930626450122654
389 0.9366591415313221 0.35020720417633466 0.0009391415313221296 -0.0003927958236653595
390 0.9366594895591644 0.35020767981438544 0.0009194895591644325 -0.0003823201856145708
391 0.9366597099767974 0.35020806264501086 0.000899709976797336 -0.00037193735498913805
392 0.9366603016241284 0.350208375870069 0.0008803016241284434 -0.0003616241299310152
393 0.9366606844547553 0.3502087354988402 0.0008606844547552894 -0.0003612645011598081
394 0.9366610672853827 0.3502088631090486 0.0008310672853826251 -0.0003511368909513979
395 0.9366612529002317 0.35020921113689013 0.0008112529002317626 -0.00034078886310984213
396 0.9366615777262168 0.35020941995359534 0.0007915777262168522 -0.0003405800464046371
397 0.9366619025522034 0.3502095939675174 0.0007719025522033851 -0.000330406032482633
398 0.9366622041763343 0.3502096055684458 0.0007522041763342591 -0.0003203944315541829
399 0.9366625174013916 0.3502098491879343 0.0007325174013915747 -0.0003101508120657015
400 0.9366625986078871 0.35020984918793413 0.0007125986078871938 -0.00031015081206586803
401 0.9366627378190242 0.3502099999999999 0.0006827378190241706 -0.000300000000000078
402 0.936662911832947 0.35021013921113764 0.0006629118329469774 -0.00028986078886233946
403 0.9366633758700689 0.3502098839907187 0.0006433758700689074 -0.0002801160092813504
404 0.936663352668212 0.3502099651972149 0.0006233526682120072 -0.00028003480278510073
405 0.9366633294663554 0.3502099883990714 0.00060332946635544 -0.0002700116009285991
406 0.9366633526682148 0.35021023201856194 0.0005833526682147427 -0.0002597679814380638
407 0.9366635150812059 0.350210104408352 0.0005635150812058898 -0.00024989559164800834
408 0.9366636078886306 0.35020986078886224 0.000543607888630615 -0.0002401392111377465
409 0.9366637587006951 0.3502098955916464 0.0005237587006950983 -0.00023010440835358192
410 0.936663561484919 0.35021002320185657 0.0005035614849190351 -0.00022997679814340533
411 0.9366637819025525 0.35020999999999997 0.00048378190255249365 -0.00022000000000005349
412 0.9366638515081203 0.3502101276102082 0.0004638515081202277 -0.00020987238979180978
413 0.936663967517401 0.3502102320185604 0.000443967517400945 -0.0001997679814396136
414 0.9366641415313222 0.3502102320185622 0.00042414153132219745 -0.00018976798143777174
415 0.9366642807424587 0.35021023201856194 0.00040428074245868473 -0.0001797679814380393
416 0.9366645011600914 0.3502102552204171 0.00039450116009132064 -0.00016974477958292544
417 0.936664651972157 0.35021037122969734 0.00037465197215702517 -0.00015962877030267775
418 0.9366649419953594 0.35021042923433887 0.00035494199535945903 -0.00014957076566113336
419 0.9366651044083525 0.3502105800464044 0.00034510440835244793 -0.00013941995359562087
420 0.9366654408352658 0.35021063805104424 0.00032544083526586665 -0.00012936194895574182
421 0.9366657192575402 0.3502108004640371 0.00031571925754014796 -0.00011919953596289945
422 0.9366660556844543 0.35021058004640315 0.0002960556844542328 -0.00010941995359686763
423 0.9366667169373543 0.35021085846867833 0.00028671693735426995 -9.914153132167813e-05
424 0.9366667981438529 0.3502109860788872 0.0002667981438528866 -8.90139211128238e-05
425 0.9366670185614847 0.35021092807424625 0.00025701856148474533 -7.907192575373756e-05
426 0.9366675870069565 0.3502110788863103 0.0002475870069564845 -6.892111368966836e-05
427 0.9366679814385126 0.3502110440835262 0.00023798143851261333 -5.895591647381293e-05
428 0.9366681902552204 0.3502111484918784 0.00022819025522036185 -4.885150812161676e-05
429 0.9366688747099751 0.3502110208816721 0.00021887470997505876 -3.897911832789758e-05
430 0.9366692459396754 0.35021092807424786 0.0002092459396754176 -2.9071925752133243e-05
431 0.9366695359628774 0.3502108584686791 0.00019953596287736186 -2.9141531320886482e-05
432 0.9366698491879345 0.35021080046403824 0.000189849187934521 -1.919953596174473e-05
433 0.9366701740139212 0.35021061484918775 0.00018017401392111942 -9.385150812224463e-06
434 0.9366701508120638 0.35021063805104385 0.00018015081206379513 6.380510438330766e-07
435 0.9366701392111373 0.3502107424593961 0.00017013921113728792 7.424593960747572e-07
436 0.9366707656612515 0.350210139211136 0.00016076566125156067 1.0139211135962167e-05
437 0.9366705336426876 0.3502101856148482 0.00016053364268764359 2.0185614848178268e-05
438 0.93667105568445 0.350209698375869 0.0001510556844499522 1.9698375869015017e-05
439 0.9366705800464005 0.3502099303944306 0.0001505800464004503 2.993039443061063e-05
440 0.936670800464034 0.3502091879350342 0.0001408004640339744 2.9187935034202805e-05
441 0.9366710788863067 0.3502090023201856 0.0001410788863067669 3.900232018561045e-05
442 0.9366708700696006 0.3502087819025527 0.0001408700696006182 3.87819025527425e-05
443 0.9366704988399016 0.350208364269143 0.00013049883990157163 3.836426914299862e-05
444 0.9366705684454718 0.3502079350348053 0.00013056844547176816 4.793503480526873e-05
445 0.93667064965197 0.3502077378190281 0.0001306496519699607 4.7737819028059736e-05
446 0.936670928074247 0.35020763341067546 0.00013092807424697206 4.763341067542948e-05
447 0.9366707772621816 0.35020748259861045 0.0001307772621815806 4.7482598610426585e-05
448 0.9366707308584694 0.3502073433874734 0.00012073085846942 5.73433874733742e-05
449 0.936670672853829 0.35020726218097675 0.00012067285382899584 5.7262180976735966e-05
450 0.9366707424593972 0.3502071925754083 0.00012074245939719397 5.719257540826028e-05
451 0.936670696055685 0.3502071925754083 0.00012069605568498787 5.719257540826028e-05
452 0.936670742459397 0.35020711136891164 0.00012074245939697192 5.711136891162205e-05
453 0.9366707888631091 0.3502067749419974 0.000120788863109067 5.677494199740618e-05
454 0.9366708236658932 0.3502065429234359 0.00012082366589316607 5.654292343587608e-05
455 0.9366709280742453 0.35020647331786753 0.00012092807424535224 5.647331786751142e-05
456 0.936670962877029 0.35020633410673063 0.00012096287702900721 5.633410673061556e-05
457 0.9366713805104404 0.35020621809744995 0.00012138051044041642 4.621809744992378e-05
458 0.9366716937354986 0.35020605568445706 0.00012169373549864027 4.6055684457035895e-05
459 0.9366719025522046 0.3502058816705361 0.00012190255220456692 4.5881670536096486e-05
460 0.9366720533642701 0.3502056612529027 0.00012205336427006941 4.566125290267342e-05
461 0.9366721925754073 0.3502054524361975 0.00012219257540735384 4.5452436197468415e-05
462 0.9366722389791201 0.35020525522042023 0.00012223897912011505 3.525522042024942e-05
463 0.9366724477958257 0.3502051160092828 0.00012244779582570864 3.5116009282798455e-05
464 0.9366724013921136 0.3502048143851527 0.00012240139211361356 3.481438515273716e-05
465 0.9366724245939699 0.35020454756380687 0.00012242459396993866 2.454756380687595e-05
466 0.9366724245939699 0.35020422273782026 0.00012242459396993866 2.4222737820267515e-05
467 0.9366724709976815 0.3502039791183304 0.00012247099768147862 2.3979118330408333e-05
468 0.9366725522041774 0.35020371229698444 0.00012255220417745072 1.3712296984436101e-05
469 0.9366729698375862 0.35020345707656697 0.0001229698375861954 1.3457076566969484e-05
470 0.9366730278422266 0.3502031670533655 0.00012302784222661955 3.167053365504824e-06
471 0.9366730162412988 0.35020277262181176 0.00012301624129884559 2.7726218117529733e-06
472 0.9366729350348025 0.35020267981438724 0.00012293503480254042 -7.32018561278025e-06
473 0.9366727030162416 0.35020259860789066 0.00012270301624162094 -7.40139210936297e-06
474 0.9366727610208816 0.35020256380510645 0.000122761020881601 -1.7436194893527546e-05
475 0.9366728654292337 0.3502026798143873 0.00012286542923367616 -1.732018561267923e-05
476 0.9366731438515065 0.3502026102088189 0.00011314385150651418 -2.7389791181109402e-05
477 0.9366734918793481 0.350202378190257 0.00011349187934817095 -2.762180974297257e-05
478 0.9366733990719234 0.3502019257540618 0.00011339907192342569 -2.807424593820329e-05
479 0.9366733990719229 0.35020178654292455 0.0001133990719229816 -3.8213457075442214e-05
480 0.9366732946635701 0.3502017633410681 0.00010329466357006378 -3.823665893187833e-05
481 0.9366734802784195 0.3502022041763343 0.0001034802784194433 -3.7795823665698336e-05
482 0.9366734454756366 0.35020157772621824 9.344547563661099e-05 -3.842227378175744e-05
483 0.9366733178654281 0.35020169373549925 9.331786542809972e-05 -4.8306264500752594e-05
484 0.936673387470998 0.3502019953596296 9.338747099807421e-05 -4.800464037041374e-05
485 0.9366732714617175 0.35020169373549953 8.327146171749344e-05 -4.830626450047504e-05
486 0.936673143851509 0.35020190255220446 8.314385150898218e-05 -4.809744779554759e-05
487 0.9366730510440848 0.35020206496519674 7.305104408483754e-05 -4.793503480327033e-05
488 0.9366727842227387 0.3502020765661249 6.278422273864326e-05 -4.792343387510778e-05
489 0.9366727958236651 0.35020250580046447 6.279582366508496e-05 -4.749419953553602e-05
490 0.9366720649651951 0.35020234338747164 5.2064965195053325e-05 -4.765661252836839e-05
491 0.9366723433874705 0.35020249419953653 5.234338747051037e-05 -4.750580046347652e-05
492 0.9366716009280741 0.3502027610208827 4.160092807414806e-05 -4.7238979117292246e-05
493 0.9366718445475642 0.35020270301624085 4.1844547564284795e-05 -3.729698375914969e-05
494 0.9366715081206507 0.3502035962877034 3.1508120650669547e-05 -3.640371229657324e-05
495 0.9366711252900236 0.35020291183294877 2.1125290023626953e-05 -3.708816705122464e-05
496 0.9366714501160063 0.35020254060324596 2.1450116006294095e-05 -3.745939675403598e-05
497 0.9366710440835211 0.35020298143851275 1.1044083521039028e-05 -3.701856148724536e-05
498 0.9366707540603244 0.3502022505800465 7.54060324403838e-07 -2.7749419953482235e-05
499 0.9366708700696048 0.35020206496519274 -9.129930395146424e-06 -1.7935034807237127e-05
500 0.9366702552204166 0.3502018793503463 -9.744779583376051e-06 -1.8120649653674548e-05
501 0.9366696287703028 0.3502019025522004 -2.0371229697224713e-05 -8.09744779961541e-06
502 0.9366691415313226 0.350202412993036 -2.0858468677387165e-05 2.41299303599396e-06
503 0.9366689907192556 0.35020374709976776 -2.100928074444397e-05 1.3747099767758009e-05
504 0.9366689211136879 0.3502052436194921 -2.1078886312086986e-05 2.5243619492132385e-05
505 0.9366680974477979 0.3502079002320198 -1.1902552202069927e-05 2.7900232019817395e-05
506 0.9366681554524386 0.35021000000000024 -1.1844547561312702e-05 4.000000000026205e-05
507 0.9366692227378208 0.35021258700696256 -7.772621791746204e-07 4.258700696258e-05
508 0.936670208816706 0.35021679814385576 1.0208816705992163e-05 4.679814385577519e-05
509 0.9366711252900267 0.3502198723897962 1.1125290026670065e-05 3.9872389796191676e-05
510 0.9366726218097499 0.3502214617169411 2.2621809749878707e-05 4.146171694108247e-05
511 0.9366734686774992 0.3502221577726248 2.3468677499249857e-05 4.2157772624784595e-05
